  PID %CPU
    1  0.0
    2  0.0
    3  0.0
    5  0.0
    7  0.0
    8  0.0
    9  0.0
   10  0.0
   11  0.0
   12  0.0
   13  0.0
   15  0.0
   16  0.0
   17  0.0
   18  0.0
   20  0.0
   21  0.0
   22  0.0
   23  0.0
   25  0.0
   26  0.0
   27  0.0
   28  0.0
   29  0.0
   30  0.0
   31  0.0
   32  0.0
   33  0.0
   34  0.0
   35  0.0
   36  0.0
   37  0.0
   38  0.0
   39  0.0
   46  0.0
   47  0.0
   48  0.0
   49  0.0
   65  0.0
   66  0.0
   67  0.0
   68  0.0
   69  0.0
   70  0.0
   71  0.0
   72  0.0
   73  0.0
   74  0.0
   75  0.0
   76  0.0
   77  0.0
   78  0.0
   80  0.0
   81  0.0
   82  0.0
   83  0.0
   89  0.0
  102  0.0
  103  0.0
  106  0.0
  156  0.0
  178  0.0
  180  0.0
  181  0.0
  210  0.0
  217  0.0
  235  0.0
  239  0.0
  240  0.0
  261  0.0
  344  0.0
  346  0.0
  457  0.0
  545  0.0
  546  0.0
  547  0.0
  549  0.0
  550  0.0
  581  0.1
  586  0.0
  588  0.0
  591  0.0
  601  0.0
  608  0.0
  635  0.0
  642  0.0
  643  0.0
  661  0.0
  756  0.9
  757  0.0
  765  0.0
  767  0.0
 1000  0.0
 1079  0.0
 1231  0.0
 1232  0.0
 1329  0.0
 1424  0.0
 1544  0.0
 1622  0.0
 1641  0.0
 1729  0.0
 1799  0.0
 1819  0.0
 1957  0.0
 1960  0.0
 2003  0.0
 2007  0.0
 2009  0.0
 2012  0.0
 2038  0.0
 2039  0.0
 2040  0.0
 2041  0.0
 2042  0.0
 2072  0.0
 2073  0.0
 2079  0.0
 2081  0.0
 2180  0.0
 2190  0.0
 2202  0.0
 2229  0.0
 2231  0.0
 2248  0.0
 2259  0.0
 2264  0.0
 2269  0.0
 2286  0.0
 2287  0.0
 2289  0.0
 2310  0.0
 2324  0.0
 2331  0.0
 2341  0.1
 2343  0.0
 2348  0.0
 2349  0.9
 2350  0.0
 2354  0.0
 2359  0.0
 2365  0.0
 2375  0.0
 2376  0.0
 2377  0.0
 2380  0.0
 2383  0.0
 2384  0.0
 2388  0.0
 2390  0.0
 2396  0.0
 2438  0.0
 2452  0.0
 2455  0.0
 2492  0.0
 2496  0.0
 2497  0.5
 2498  0.0
 2499  0.0
 2501  0.0
 2514  0.0
 2521  0.0
 2540  0.0
 2546  0.0
 2551  0.0
 2557  0.0
 2563  0.0
 2570  0.0
 2575  0.0
 2585  0.0
 2606  0.0
 2616  0.0
 2618  0.0
 2625  0.0
 2673  0.0
 2699  0.0
 2704  0.0
 2711  0.0
 2715  0.0
 2722  0.0
 2786  0.0
 2816  0.0
 3274  0.0
 3290  0.0
 3523  0.1
 3530  0.0
 3567  0.0
 3578  0.0
 3580  0.0
 3614  0.0
 3870  0.0
 3889  0.2
 4298  0.0
 4544  0.2
 4572  0.0
 4645  0.0
 4958  0.0
 5023  0.0
 5031  0.0
 5052  0.0
 5106  0.0
 5318  0.0
 5358  0.0
 5362  0.0
 5390  2.1
 5444  0.6
 5466  0.5
 5542  0.0
 5545  0.0
 5553  0.0
 5555  0.0
 5556  0.0
 5559  0.0
